distance,read_0,read_1,read_2,read_3,read_4,read_5,read_6,read_7,read_8,read_9
50.0,3301,1216,1631,0,2488,0,3508,648,1641,1721,
50.16,964,2936,3593,3285,828,2508,1191,2589,2897,847,
50.32,3250,2991,4095,1803,3395,2055,2917,977,1306,0,
50.48,398,2824,3608,2917,3344,3140,2612,0,3288,2394,
50.64,2521,1714,4095,135,0,1757,0,3097,0,0,
50.8,2707,3552,2959,642,3418,2807,0,0,3917,2861,
50.96,3624,2325,0,681,4095,0,0,953,3221,1387,
51.12,4095,595,3505,1465,3690,0,3636,3701,3029,0,
51.28,3461,3401,2375,0,93,1860,0,3749,0,0,
51.44,4095,3300,3501,3026,0,3429,3540,2609,2957,776,
51.6,