distance,read_0,read_1,read_2,read_3,read_4,read_5,read_6,read_7,read_8,read_9
45.0,541,537,565,520,557,529,546,531,561,533,
45.16,531,539,551,532,539,535,553,521,528,536,
45.32,549,540,529,528,544,533,563,521,544,527,
45.48,541,512,549,540,540,552,563,533,556,520,
45.64,567,517,573,527,548,537,552,533,560,521,
45.8,559,515,561,537,563,516,540,543,557,516,
45.96,561,513,580,505,559,523,563,523,537,541,
46.12,553,530,549,509,541,529,553,528,536,539,
46.28,549,547,545,528,553,528,527,517,557,527,
46.44,557,512,577,532,544,516,545,543,564,515,
46.6,565,534,564,534,552,549,531,541,538,520,
46.76,