distance,read_0,read_1,read_2,read_3,read_4,read_5,read_6,read_7,read_8,read_9
29.0,3233,0,3536,121,4095,713,3233,0,3825,109,3527,645,4095,640,4095,611,4003,0,4095,0,4095,693,3191,543,4095,433,3255,893,3966,0,3419,0,3533,113,3479,0,4043,776,3321,1060,3977,721,3917,0,3911,789,3841,0,3896,702,3327,547,3844,509,3008,1252,3018,0,3661,0,3318,872,2524,785,3475,400,3104,984,2351,640,2661,0,2873,1023,2939,1201,3486,1021,3164,1987,1871,1448,2996,1227,1769,1529,3257,1686,3566,0,3649,1784,1524,0,3803,272,2574,729,3544,2888,
29.12,2568,0,1164,0,2329,0,2117,2321,1029,3135,1002,2868,936,558,3413,0,1999,0,701,0,3465,313,3523,1216,2560,1741,3511,2708,679,2772,3028,2564,3472,2595,2141,2712,1240,360,3444,0,24,2965,184,2123,155,3147,3266,3013,3242,3163,3228,2880,2741,0,3348,0,671,3188,4079,4010,777,3517,0,2788,0,0,3832,0,2135,3389,0,68,3220,1777,3079,2862,687,0,1769,0,2885,3312,4095,3108,630,3785,1905,1044,3193,3664,4095,3381,2227,1591,3455,2597,2878,3104,3109,4095,
29.24,501,4095,2953,3611,0,3497,4095,0,3639,3686,0,1793,0,1446,3591,0,4095,1765,963,31,117,1137,447,3771,0,2092,3168,1536,3460,1510,3940,0,2873,701,3369,2773,1520,3579,995,2102,3502,921,377,3594,3907,3256,76,2463,3317,4095,3238,1317,0,1521,2704,1820,3355,0,2901,4095,2347,0,3662,4095,991,0,3449,3624,0,3335,3272,3229,3250,3297,2081,0,3162,3311,3157,2762,2097,2445,3081,2808,2191,59,624,3356,3114,307,2840,129,0,3326,3269,3389,1409,4095,2881,3321,
29.36,1541,2795,3052,435,2619,2879,2086,3451,3124,3339,1154,1441,1856,812,2628,3349,2369,3347,0,3403,1523,3416,836,934,0,3062,0,3353,240,3386,0,1256,1453,1376,568,1385,1925,1409,0,2800,1084,1504,600,2971,1657,2129,760,3009,1434,2975,1642,2748,989,3823,1427,3617,0,3126,1372,3037,76,3076,48,3372,89,3180,95,2785,1338,2837,699,3520,844,3540,1181,3340,1487,3609,1093,3119,735,3701,221,3645,64,3258,801,3428,665,3522,124,2755,823,2541,557,2586,1257,2727,155,2835,
29.48,49,3412,1117,3733,77,2835,953,3428,643,2725,788,2846,1297,3492,813,3559,985,3545,892,3258,923,2876,656,3578,417,2592,257,3081,873,3359,955,3283,261,2923,0,3549,0,3872,905,3425,303,3594,0,3566,145,2561,0,2477,927,3375,0,2481,1059,3688,721,2604,537,2797,1295,2517,547,3157,1139,2173,1156,3460,0,3323,1121,2958,0,3500,1611,2082,113,3480,1612,3468,660,3290,1239,3170,1201,3601,2064,3262,0,1256,1862,3155,1816,2570,1952,2472,2064,3378,425,3591,232,4076,
29.6,0,3381,0,3644,1529,3382,2282,699,0,744,2549,2685,1924,3356,2521,3798,2160,611,0,3332,1041,3368,2047,3634,2405,4045,0,3289,0,1580,1707,1258,3131,3020,3466,102,2671,1081,0,2833,1519,3786,3076,0,3173,2233,0,3126,846,3196,3285,3309,0,2079,3023,0,0,1744,3503,0,3793,0,2259,1811,0,0,2840,3199,0,2303,0,3250,3285,3129,2745,2268,2433,4095,1205,1890,857,1128,2792,2178,0,3328,0,3305,3160,0,3424,717,1861,3254,1618,3628,3305,3119,3786,3952,
29.72,3114,1440,489,4045,0,2769,0,3204,698,1353,1620,2784,3735,3433,436,2765,716,2969,2805,749,0,2147,1580,4095,3380,3234,441,0,3636,2581,2662,0,3600,1396,0,0,883,3748,3667,0,3088,672,1231,1853,4095,3292,3196,3325,0,2754,888,2609,2462,0,2592,1151,3296,1288,2425,3132,895,0,3261,3578,3198,0,2696,3275,3384,2700,3561,3094,26,1449,3229,0,1133,0,23,0,1345,1777,269,2482,3481,1019,3458,2907,1728,3318,2873,2873,3372,0,2777,1869,1308,0,3177,0,
29.84,3395,2815,3660,2650,3489,0,677,0,2789,1806,4095,2420,2229,2332,3948,1595,4095,2376,2664,2409,3396,0,2482,1320,2961,2298,3348,0,2929,2040,1171,1639,3446,0,2524,0,3478,0,1341,1088,1657,0,3463,2355,3422,1169,2911,812,3305,1327,3424,948,1800,717,2031,0,4095,1459,1991,1277,3358,41,3014,1161,2190,505,2884,1203,3433,1252,2948,1592,2293,1,2493,1113,2590,0,3550,1059,2549,36,3637,449,3560,1077,3735,1073,3543,1050,3246,609,3481,120,2813,1228,3088,805,2902,1081,
29.96,3765,77,3496,953,3524,20,3503,692,2513,1029,2488,1001,3301,832,3009,373,2562,432,3007,995,3488,432,3627,1067,3558,628,2859,0,2954,0,3446,0,3067,677,3535,934,3472,0,2680,840,3623,0,2545,767,2601,200,3958,859,2725,928,3761,1307,3508,725,3517,169,3543,236,3931,0,3567,226,3446,5,3209,1292,3355,1187,2079,1260,1986,1218,3436,2127,3594,0,3546,699,4095,1485,2935,0,3444,0,3528,1778,2766,0,3429,1930,3020,1241,2874,1536,1367,2071,2144,2233,3556,701,
30.08,3385,0,2202,2969,2605,1965,905,2266,744,1761,2857,1157,3240,0,3007,1683,610,2495,2594,2622,3416,2253,3333,3410,2599,2749,1787,3768,492,0,3391,2820,3839,992,3968,1033,163,2262,1,2837,3718,4088,168,2609,3623,0,1029,29,3242,0,4079,1633,1568,3117,3183,1476,3205,3116,3640,3078,0,3251,3965,745,0,3494,3268,3436,3429,2955,4058,0,3419,2763,3455,2377,0,2969,0,3367,0,4095,1501,732,3333,1809,833,1263,2180,2668,57,2814,2286,1600,3050,25,3225,0,3274,2980,
30.2,1,0,4095,768,2034,1009,2188,3785,2281,1156,2281,0,0,3602,2678,486,2853,0,619,2480,3306,3796,0,3477,3496,4095,913,3888,3385,3503,2749,3533,0,961,2614,3017,1752,2672,2030,0,1817,3423,3263,3770,3444,2077,0,3273,2922,3620,1043,1631,777,29,3310,3516,788,0,3357,2782,1723,3297,2724,3268,0,3206,3128,3272,3520,3420,2932,3394,3160,3276,3250,3306,2567,3260,2680,3562,0,3393,3000,3344,575,2530,3001,569,0,1433,1339,3776,3530,3384,1052,3313,2740,1201,1056,304,
30.32,1864,2674,2776,3220,1840,3292,1135,2755,0,709,0,2284,1516,3637,1764,3021,1690,3338,2260,3300,0,3336,2375,2472,2448,3133,1944,1215,2130,2530,1678,3502,469,1420,1841,2664,1812,2836,515,3228,893,3448,1696,3310,1528,3306,1501,3367,1340,4095,416,3364,1379,3329,297,3212,1051,3382,1353,3283,1029,2239,1707,3523,1243,2321,203,2468,69,3484,1181,3544,952,3221,154,3096,467,2759,1050,3742,833,3011,989,3577,108,3527,1264,2650,1116,2669,546,3474,0,3369,384,2969,976,3189,580,3437,
30.44,999,3307,504,2622,1159,3836,912,3496,616,3640,0,3517,413,3890,392,3775,686,3102,827,3813,636,3830,0,3710,0,3397,195,3893,865,3148,379,3813,0,2909,777,3793,244,2791,0,3917,819,2820,74,3945,556,3877,828,4095,837,3129,370,2765,927,3651,904,3665,0,3448,1035,4062,1083,3065,435,4095,561,3886,0,2160,0,2161,1400,1888,1510,3216,1588,1861,405,3278,709,1657,0,4095,1948,1453,1724,2845,1445,3492,1408,1229,1697,1280,0,1216,1491,2349,0,3716,0,3364,
30.56,2851,3301,857,2410,2406,3393,1066,2815,435,3390,2535,3282,1926,2766,2498,3084,2460,705,705,3406,2563,2749,0,2507,0,2587,0,3388,0,169,3457,2244,2708,1273,2337,3293,2990,2241,1971,128,3659,3959,0,0,3165,2688,0,3332,2384,3219,3256,3157,2845,0,3171,3327,4061,1349,2405,0,3925,4095,709,2600,3045,3353,3331,2728,3205,3426,3238,2908,3448,1974,3266,1145,2660,885,217,0,1580,3213,2917,1781,0,33,1097,585,2449,2781,0,0,781,3277,2655,0,4095,1668,2811,2980,
30.68,0,1759,1658,3612,3608,2988,97,1009,3598,4095,3430,757,680,0,4095,2814,0,2488,489,1179,765,2593,4095,4095,2866,0,0,901,3077,4095,1505,499,2799,3385,1956,0,2683,1168,4095,1163,0,2515,4095,2531,3344,3401,997,776,2169,0,0,1977,3021,965,3398,1287,0,1570,3252,0,3347,3288,3426,3153,3034,1169,3327,3389,4095,3100,61,3161,3180,3108,11,2357,3405,0,1583,2451,1953,3327,3113,0,1587,748,3477,1755,3327,31,3365,2757,2228,2015,3413,0,2017,2823,389,1993,
30.8,3469,0,1113,0,2849,3458,2922,1797,3500,2275,2673,1748,1803,2279,2628,1893,905,2290,3479,0,3400,2121,2640,1841,2882,0,1239,0,1404,0,3153,1392,1584,2456,3930,1354,3615,1778,3448,1043,1747,0,2696,1941,1885,781,3409,0,2338,1100,3114,1,3412,881,2113,1349,2142,1287,2113,645,2168,108,2237,1269,3574,1217,3373,1159,3504,77,3796,0,2664,1092,3672,979,3099,956,2665,0,2990,1179,3052,43,2753,16,2972,1029,3260,117,2554,953,3256,873,3352,20,2991,991,3558,1062,
30.92,2953,603,3367,129,3237,0,3528,949,3150,772,3538,1032,2576,659,3313,752,3220,576,3650,879,3523,112,3546,0,2786,558,2947,732,3567,337,3512,540,4084,781,2679,620,3598,0,3376,437,3493,372,3617,1101,3432,143,2467,0,3531,1016,3125,0,3580,146,3507,0,3433,0,3507,628,3435,945,3671,557,3822,492,3615,1445,3714,1451,1633,900,3472,1466,2638,1772,3673,0,3521,0,1476,0,2804,0,2904,1952,4095,2860,4095,1548,2323,0,3340,0,3255,2263,2898,3044,3811,2639,
31.04,3275,2372,3389,0,3505,0,3285,2477,3485,1237,3344,2469,4095,1904,3454,1176,1104,0,1267,1552,484,0,1424,2843,3264,381,1169,3191,9,3120,851,3435,933,348,4095,324,3576,3407,3381,0,3309,3336,560,4095,795,2041,1916,3237,2783,281,4095,61,0,3445,3140,0,3300,0,946,2751,1177,2673,3422,864,0,1885,3077,3704,3342,65,3338,4095,3177,0,3820,1306,3155,3610,3263,3253,0,1530,0,3461,4095,2814,0,1535,3176,493,0,3253,35,645,3478,0,565,3213,0,641,
31.16,1901,3202,2737,0,3931,3113,2214,1005,3220,1029,3408,0,3426,2169,1255,4095,660,3813,1469,792,4095,409,3448,2925,0,3019,3086,3834,3481,715,3209,3410,3393,0,3209,3129,1625,3272,3340,3474,1467,3497,0,3954,2540,1348,3308,3411,3359,2401,3214,2765,3177,3228,3439,1749,0,997,0,2229,2308,45,3207,0,3807,3386,0,3171,3021,4095,3196,2592,1118,3305,2543,3349,3874,418,3408,417,2676,2444,1235,3364,0,3409,836,3277,2588,3252,1670,3622,1153,3109,2085,4010,2847,3513,1892,2701,
31.28,0,4095,2425,4038,0,1385,0,3257,2146,3027,2075,1069,1228,2514,1051,1185,2749,2776,927,1424,1765,1416,1144,3380,2286,3098,781,3457,0,4095,0,3487,1096,2046,788,3379,949,3461,2243,2722,1513,2398,1144,3656,1763,3110,1451,3612,660,2886,761,3175,1144,3029,728,2525,1019,3393,479,2948,763,3484,1009,2681,959,3596,1164,3721,963,3643,37,2976,832,3585,76,3251,303,3787,1221,3436,1084,3566,308,3698,677,3623,931,3562,245,3282,729,3546,905,3568,995,2921,936,3584,425,2793,
31.4,665,2437,0,2949,929,2649,0,3633,145,3268,189,2648,816,3277,256,2621,828,3438,841,2701,653,2669,876,4054,918,3660,211,3370,0,3594,145,3583,1037,4095,341,3524,1015,2236,980,2962,1215,2888,1117,3514,0,2752,1256,3332,29,3140,1541,1782,0,1689,1673,2373,1684,3551,1740,4095,196,4095,0,3497,0,2915,165,3226,0,1201,0,1849,0,821,0,2013,1671,1005,1341,3251,1705,839,0,3784,1749,1229,1304,4095,2628,3458,2077,1631,2664,2368,2578,1682,0,405,2963,4095,
31.52,0,2389,1803,3402,3317,824,2875,3122,0,4095,2811,3391,1399,3443,3101,3322,3088,1,2944,991,4088,3187,3251,0,3258,0,3381,0,3994,2062,3225,3280,1193,3869,3204,3269,2186,1124,3239,3089,3689,3237,0,0,3073,0,2527,3944,941,2049,0,3561,765,1381,0,693,3387,2210,2585,1723,530,2584,1504,840,3575,3853,3553,1702,4095,0,0,3081,3098,1229,1143,2619,3245,1399,3365,1025,2295,1592,943,2977,27,3374,1230,2404,4095,0,1224,1853,1208,1373,3439,0,