distance,read_0,read_1,read_2,read_3,read_4,read_5,read_6,read_7,read_8,read_9
35.0,575,536,547,553,555,552,569,536,564,543,
35.16,577,544,571,575,557,557,557,554,560,540,
35.32,567,545,593,565,585,552,561,559,552,561,
35.48,560,552,571,565,575,551,556,563,561,573,
35.64,553,597,559,568,543,561,577,565,532,590,
35.8,549,577,563,573,571,556,572,552,572,577,
35.96,568,576,575,577,540,569,567,561,561,512,
36.12,573,568,553,583,555,577,564,575,568,575,
36.28,573,560,571,573,575,581,560,586,561,583,
36.44,561,568,574,561,568,581,566,566,564,568,
36.6,557,571,581,580,569,569,584,577,560,581,
36.76,565,580,565,572,575,565,565,568,601,569,
36.92,561,575,556,577,561,581,565,582,575,560,
37.08,565,588,577,581,557,581,557,569,568,569,
37.24,